#      No.   Resi  Chain    Perc.Ind(1)    Perc.Ind(2)        Rig.Ind     SC_Rig.Ind        Ric.Ind
         1      1      A          0.000          0.000          0.000          0.000          0.000
         2      2      A          0.000          0.000          0.000          0.000          0.000
         3      3      A          0.000          0.000          0.000          0.000          0.000
         4      4      A          0.000          0.000          0.000          0.000          0.000
         5      5      A         -0.700         -0.700         -0.700         -0.700         -0.700
         6      6      A         -0.700         -0.700         -0.700          0.000         -0.700
         7      7      A         -0.700         -0.700         -0.700         -0.700         -0.700
         8      8      A         -0.700         -0.700         -0.700         -0.200         -0.700
         9      9      A         -0.400         -0.400         -0.400         -0.400         -0.400
        10     10      A         -0.400         -0.400         -0.300            NaN         -0.400
        11     11      A         -0.200         -0.200         -0.200            NaN         -0.200
        12     12      A         -0.200         -0.200         -0.200         -0.200         -0.200
        13     13      A         -0.200         -0.200         -0.600            NaN         -1.000
        14     14      A         -0.200         -0.200         -1.000          0.000         -1.000
        15     15      A         -0.200         -0.200         -0.200            NaN         -0.200
        16     16      A         -0.200         -0.200         -0.200          0.000         -0.200
        17     17      A         -0.200         -2.700         -2.700            NaN         -2.700
        18     18      A         -0.200         -2.700         -2.700            NaN         -2.700
        19     19      A         -0.200         -2.700         -2.700         -0.200         -2.700
        20     20      A         -0.200         -2.700         -2.700         -0.200         -2.700
        21     21      A         -0.200         -2.700         -2.700         -0.200         -2.700
        22     22      A         -0.200         -0.200         -1.100          0.000         -1.100
        23     23      A         -0.200         -0.200         -0.200          0.000         -0.200
        24     24      A         -0.200         -0.200         -0.200         -0.200         -0.200
        25     25      A         -0.300         -0.300         -0.300          0.000         -0.300
        26     26      A         -0.300         -0.300         -0.300         -0.200         -0.300
        27     27      A         -0.300         -0.300         -0.300          0.000         -0.300
        28     28      A         -0.300         -0.300         -0.300         -0.300         -0.300
        29     29      A         -0.300         -0.300         -0.300         -0.300         -0.300
        30     30      A         -0.300         -0.300         -0.300            NaN         -0.300
        31     31      A         -0.300         -0.300         -0.300          0.000         -0.300
        32     32      A         -0.700         -0.700         -0.700         -0.700         -0.700
        33     33      A         -0.700         -0.700         -0.700          0.000         -0.700
        34     34      A         -0.700         -0.700         -0.700         -0.700         -0.700
        35     35      A         -0.700         -0.700         -0.700          0.000         -0.700
        36     36      A         -0.200         -0.200         -0.200         -0.200         -0.200
        37     37      A         -0.200         -0.200         -0.200          0.000         -0.200
        38     38      A         -0.200         -0.200         -0.850         -1.500         -1.500
        39     39      A         -0.200         -0.200         -1.500          0.000         -1.500
        40     40      A         -0.200         -3.200         -3.200         -0.900         -3.200
        41     41      A         -0.200         -3.200         -3.200          0.000         -3.200
        42     42      A         -0.200         -3.200         -3.200          0.000         -3.200
        43     43      A         -0.200         -3.200         -3.200         -3.200         -3.200
        44     44      A         -0.200         -0.200         -1.900          0.000         -1.900
        45     45      A         -0.200         -0.200         -1.500         -0.200         -1.500
        46     46      A         -0.200         -0.200         -0.700          0.000         -0.700
        47     47      A         -0.200         -0.200         -0.600          0.000         -0.600
        48     48      A         -0.200         -0.200         -0.600          0.000         -0.600
        49     49      A         -0.200         -0.200         -0.200          0.000         -0.200
        50     50      A         -0.200         -0.200         -0.200            NaN         -0.200
        51     51      A         -0.200         -0.200         -0.200          0.000         -0.200
        52     52      A         -0.200         -0.200         -0.200            NaN         -0.200
        53     53      A         -0.200         -0.200         -0.200          0.000         -0.200
        54     54      A         -0.700         -0.700         -0.700          0.000         -0.700
        55     55      A         -0.700         -0.700         -0.700          0.000         -0.700
        56     56      A         -0.700         -0.700         -0.700         -0.700         -0.700
        57     57      A         -0.700         -0.700         -0.700            NaN         -0.700
        58     58      A         -0.700         -0.700         -0.700         -0.700         -0.700
        59     59      A         -0.700         -0.700         -0.700          0.000         -0.700
        60     60      A         -0.700         -0.700         -0.800            NaN         -0.900
        61     61      A         -0.700         -0.700         -0.900          0.000         -0.900
        62     62      A         -0.700         -0.700         -0.700          0.000         -0.700
        63     63      A         -0.700         -0.700         -0.700            NaN         -0.700
        64     64      A         -0.700         -0.700         -0.700         -0.700         -0.700
        65     65      A         -0.700         -0.700         -0.800         -0.700         -0.800
        66     66      A         -0.700         -0.700         -0.750            NaN         -0.800
        67     67      A         -0.700         -0.700         -0.700         -0.700         -0.700
        68     68      A         -0.700         -0.700         -0.700          0.000         -0.700
        69     69      A         -0.700         -0.700         -0.800          0.000         -0.800
        70     70      A         -0.700         -0.700         -0.800            NaN         -0.800
        71     71      A         -0.700         -0.700         -0.750         -0.800         -0.800
        72     72      A         -0.700         -0.700         -0.700          0.000         -0.700
        73     73      A         -0.700         -0.700         -0.700         -0.700         -0.700
        74     74      A         -0.700         -0.700         -0.700          0.000         -0.700
        75     75      A         -0.200         -0.200         -0.200          0.000         -0.200
        76     76      A         -0.200         -0.200         -0.200            NaN         -0.200
        77     77      A         -0.200         -0.200         -0.200         -0.200         -0.200
        78     78      A         -0.200         -0.200         -0.200          0.000         -0.200
        79     79      A         -0.200         -0.200         -0.200          0.000         -0.200
        80     80      A         -0.200         -0.200         -0.400          0.000         -0.400
        81     81      A         -0.200         -0.200         -0.400          0.000         -0.400
        82     82      A         -0.200         -0.200         -0.300            NaN         -0.400
        83     83      A         -0.200         -0.200         -0.200          0.000         -0.200
        84     84      A         -0.200         -0.200         -0.200          0.000         -0.200
        85     85      A         -0.200         -0.200         -0.200          0.000         -0.200
        86     86      A         -0.200         -0.200         -0.200            NaN         -0.200
        87     87      A         -0.200         -0.200         -0.200         -0.200         -0.200
        88     88      A         -0.200         -0.200         -0.200          0.000         -0.200
        89     89      A         -0.200         -0.200         -0.200          0.000         -0.200
        90     90      A         -0.700         -0.700         -0.700          0.000         -0.700
        91     91      A         -0.800         -0.800         -0.800          0.000         -0.800
        92     92      A         -1.300         -1.300         -1.300         -0.200         -1.300
        93     93      A         -1.300         -1.300         -1.300            NaN         -1.300
        94     94      A         -1.300         -1.300         -1.300          0.000         -1.300
        95     95      A         -1.700         -1.600         -1.700          0.000         -1.700
        96     96      A         -2.000         -1.600         -2.000          0.000         -2.000
        97     97      A         -2.000         -1.600         -2.000          0.000         -2.000
        98     98      A         -2.000         -1.600         -2.000          0.000         -2.000
        99     99      A         -2.000         -1.600         -2.000         -1.600         -2.000
       100    100      A         -2.000         -1.600         -2.000          0.000         -2.000
       101    101      A         -2.000         -1.600         -2.000          0.000         -2.000
       102    102      A         -2.000         -1.600         -2.000         -1.600         -2.000
       103    103      A         -2.000         -1.600         -2.000         -0.700         -2.000
       104    104      A         -2.000         -1.600         -2.000          0.000         -2.000
       105    105      A         -1.600         -1.600         -1.600          0.000         -1.600
       106    106      A         -1.600         -1.600         -1.600            NaN         -1.600
       107    107      A         -1.600         -1.600         -1.600          0.000         -1.600
       108    108      A         -1.600         -1.600         -1.600          0.000         -1.600
       109    109      A         -1.600         -1.600         -1.600         -1.600         -1.600
       110    110      A         -1.600         -1.600         -1.600            NaN         -1.600
       111    111      A         -1.600         -1.600         -1.150         -1.600         -1.600
       112    112      A         -0.700         -0.700         -0.700         -0.700         -0.700
       113    113      A         -0.700         -0.700         -0.700          0.000         -0.700
       114    114      A         -0.700         -0.700         -0.700          0.000         -0.700
       115    115      A         -0.700         -0.700         -0.700          0.000         -0.700
       116    116      A         -0.700         -0.700         -0.700          0.000         -0.700
       117    117      A         -0.400         -0.400         -0.400         -0.200         -0.400
       118    118      A         -0.200         -0.200         -0.200            NaN         -0.200
       119    119      A         -0.200         -0.200         -0.200            NaN         -0.200
       120    120      A         -0.100         -0.100          0.000          0.000          0.000
       121    121      A         -0.100         -0.100          0.000          0.000          0.000
       122    122      A         -0.100         -0.100         -0.200          0.000         -0.200
       123    123      A         -0.100         -0.100         -0.200            NaN         -0.200
       124    124      A         -0.100         -0.100         -0.200          0.000         -0.200
       125    125      A         -0.100         -0.100         -0.200          0.000         -0.200
       126    126      A         -0.100         -0.100         -0.200          0.000         -0.200
       127    127      A         -0.100         -0.100         -0.200          0.000         -0.200
       128    128      A         -0.100         -0.100         -0.200          0.000         -0.200
       129    129      A         -0.100         -0.100         -0.200            NaN         -0.200
       130    130      A         -0.100         -0.100          0.000          0.000          0.000
       131    131      A         -0.100         -0.100          0.000            NaN          0.000
       132    132      A         -0.100         -0.100          0.000          0.000          0.000
       133    133      A         -0.100         -0.100          0.000          0.000          0.000
       134    134      A         -0.100         -0.100          0.000            NaN          0.000
       135    135      A         -0.100         -0.100         -1.200          0.000         -1.200
       136    136      A         -0.100         -0.100         -1.200          0.000         -1.200
       137    137      A         -0.100         -0.100         -1.200          0.000         -1.200
       138    138      A         -0.100         -0.100         -1.200          0.000         -1.200
       139    139      A         -0.100         -0.100         -1.200          0.000         -1.200
       140    140      A         -0.100         -0.100         -1.200          0.000         -1.200
       141    141      A         -0.100         -0.100         -1.200          0.000         -1.200
       142    142      A         -0.100         -0.100         -1.200          0.000         -1.200
       143    143      A         -0.100         -0.100         -1.100         -1.100         -1.100
       144    144      A         -0.100         -0.100         -1.100          0.000         -1.100
       145    145      A          0.000          0.000          0.000          0.000          0.000
       146    146      A          0.000          0.000          0.000          0.000          0.000
       147    147      A          0.000          0.000          0.000          0.000          0.000
       148    148      A          0.000          0.000          0.000          0.000          0.000
       149    149      A         -0.100         -0.100          0.000          0.000          0.000
       150    150      A         -0.200         -0.200         -0.200          0.000         -0.200
       151    151      A         -0.300         -0.300         -0.300          0.000         -0.300
       152    152      A         -0.300         -0.300         -0.300          0.000         -0.300
       153    153      A         -0.300         -0.300         -0.300          0.000         -0.300
       154    154      A          0.000          0.000          0.000          0.000          0.000
       155    155      A          0.000          0.000          0.000          0.000          0.000
       156    156      A          0.000          0.000          0.000          0.000          0.000
       157    157      A          0.000          0.000          0.000          0.000          0.000
       158    158      A         -0.300         -0.300         -0.300          0.000         -0.300
       159    159      A         -0.300         -0.300         -0.300          0.000         -0.300
       160    160      A         -0.300         -0.300         -0.300          0.000         -0.300
       161    161      A         -0.100         -0.100          0.000          0.000          0.000
       162    162      A         -0.100         -0.100          0.000          0.000          0.000
       163    163      A         -0.100         -0.100          0.000          0.000          0.000
       164    164      A         -0.100         -0.100         -0.800         -1.600         -0.800
       165    165      A         -0.100         -0.100         -0.400         -0.800         -0.800
       166    166      A         -0.100         -0.100          0.000          0.000          0.000
       167    167      A         -0.100         -0.100          0.000            NaN          0.000
       168    168      A         -0.100         -0.100         -1.600          0.000         -1.600
       169    169      A         -0.100         -0.100         -1.600          0.000         -1.600
       170    170      A         -0.100         -0.100         -1.600          0.000         -1.600
       171    171      A         -0.100         -0.100         -0.700          0.000         -0.700
       172    172      A         -0.100         -0.100         -0.700          0.000         -0.700
       173    173      A         -0.100         -0.100         -0.700          0.000         -0.700
       174    174      A         -0.100         -0.100         -0.400          0.000         -0.400
       175    175      A         -0.100         -0.100         -0.600          0.000         -0.400
       176    176      A         -0.100         -1.900         -1.350         -2.300         -2.300
       177    177      A         -0.100         -1.900         -2.300            NaN         -2.300
       178    178      A         -0.100         -1.900         -2.300          0.000         -2.300
       179    179      A         -0.100         -1.900         -2.300          0.000         -2.300
       180    180      A         -0.100         -1.900         -2.300          0.000         -2.300
       181    181      A         -0.100         -1.900         -1.900          0.000         -1.900
       182    182      A         -0.100         -1.900         -1.900          0.000         -1.900
       183    183      A         -0.100         -1.900         -1.900          0.000         -1.900
       184    184      A         -0.100         -1.900         -1.900          0.000         -1.900
       185    185      A         -0.100         -1.900         -1.900          0.000         -1.900
       186    186      A         -0.100         -1.900         -1.900          0.000         -1.900
       187    187      A         -0.100         -1.900         -1.900          0.000         -1.900
       188    188      A         -0.100         -0.100         -1.600          0.000         -1.600
       189    189      A         -0.100         -0.100         -1.600          0.000         -1.600
       190    190      A         -0.100         -0.100         -1.700          0.000         -1.700
       191    191      A         -0.100         -0.100         -1.700          0.000         -1.700
       192    192      A         -0.100         -0.100         -1.700          0.000         -1.700
       193    193      A         -0.100         -0.100         -1.600          0.000         -1.600
       194    194      A         -0.100         -0.100         -1.600          0.000         -1.600
       195    195      A          0.000          0.000          0.000          0.000          0.000
       196    196      A          0.000          0.000          0.000            NaN          0.000
       197    197      A          0.000          0.000          0.000          0.000          0.000
       198    198      A          0.000          0.000          0.000          0.000          0.000
       199    199      A          0.000          0.000          0.000          0.000          0.000
       200    200      A         -0.100         -0.100          0.000            NaN          0.000
       201    201      A         -0.300         -0.300         -1.700         -1.700         -1.700
       202    202      A         -0.300         -0.300         -0.300          0.000         -0.300
       203    203      A         -0.300         -0.300         -0.300          0.000         -0.300
       204    204      A         -0.300         -0.300         -0.300          0.000         -0.300
       205    205      A         -0.100         -0.100          0.000          0.000          0.000
       206    206      A         -0.100         -0.100          0.000            NaN          0.000
       207    207      A         -0.100         -0.100         -2.800          0.000         -1.100
       208    208      A         -0.100         -0.100         -0.550         -1.100         -1.100
       209    209      A         -0.100         -0.100         -0.350            NaN         -0.700
       210    210      A         -0.100         -0.100         -0.700          0.000         -0.700
       211    211      A         -0.100         -0.100         -0.700          0.000         -0.700
       212    212      A         -0.100         -0.100          0.000            NaN          0.000
       213    213      A         -0.100         -0.100          0.000          0.000          0.000
       214    214      A         -0.100         -0.100          0.000            NaN          0.000
       215    215      A         -0.100         -0.100          0.000            NaN          0.000
       216    216      A         -0.100         -0.100          0.000          0.000          0.000
       217    217      A         -0.100         -0.100          0.000          0.000          0.000
       218    218      A         -0.100         -0.100          0.000            NaN          0.000
       219    219      A         -0.100         -0.100          0.000          0.000          0.000
       220    220      A         -0.100         -0.100         -1.600         -1.100         -1.600
       221    221      A         -0.100         -0.100         -1.600         -1.100         -1.600
       222    222      A         -0.100         -0.100         -1.600          0.000         -1.600
       223    223      A         -0.100         -0.100         -1.600          0.000         -1.600
       224    224      A         -0.100         -0.100         -1.500          0.000         -1.500
       225    225      A         -0.100         -0.100         -1.500          0.000         -1.500
       226    226      A         -0.100         -0.100         -1.600          0.000         -1.600
       227    227      A         -0.100         -0.100         -1.600            NaN         -1.600
       228    228      A         -0.100         -0.100         -1.600          0.000         -1.600
       229    229      A         -0.100         -0.100         -1.600          0.000         -1.600
       230    230      A         -0.100         -0.100         -1.600          0.000         -1.600
       231    231      A         -0.100         -0.100         -1.600          0.000         -1.600
       232    232      A         -0.100         -0.100         -1.600          0.000         -1.600
       233    233      A         -0.100         -0.100         -1.000          0.000         -1.000
       234    234      A         -0.100         -0.100         -0.700          0.000         -0.700
       235    235      A         -0.100         -0.100         -0.700          0.000         -0.700
       236    236      A         -0.100         -0.100         -0.700            NaN         -0.700
       237    237      A         -0.100         -0.100          0.000          0.000          0.000
       238    238      A         -0.100         -0.100          0.000          0.000          0.000
       239    239      A         -0.100         -0.100          0.000          0.000          0.000
       240    240      A         -0.100         -0.100          0.000          0.000          0.000
       241    241      A         -0.100         -0.100          0.000            NaN          0.000
       242    242      A         -0.100         -0.100          0.000            NaN          0.000
       243    243      A         -0.100         -0.100          0.000          0.000          0.000
       244    244      A         -0.100         -0.100          0.000            NaN          0.000
       245    245      A         -0.100         -0.100          0.000          0.000          0.000
       246    246      A         -0.100         -0.100         -0.350         -0.700          0.000
       247    247      A         -0.100         -0.100          0.000          0.000          0.000
       248    248      A         -0.100         -0.100          0.000          0.000          0.000
       249    249      A         -0.100         -0.100         -0.500          0.000          0.000
       250    250      A         -0.100         -0.100          0.000          0.000          0.000
       251    251      A         -0.300         -0.300         -1.550            NaN         -3.100
       252    252      A         -0.300         -0.300         -3.100          0.000         -3.100
       253    253      A         -0.300         -0.300         -2.400          0.000         -2.400
       254    254      A         -0.300         -0.300         -2.400          0.000         -2.400
       255    255      A         -0.300         -0.300         -0.800          0.000         -0.800
       256    256      A         -0.300         -0.300         -0.800         -0.800         -0.800
       257    257      A         -0.300         -0.300         -0.800          0.000         -0.800
       258    258      A         -0.300         -0.300         -1.700         -1.700         -1.700
       259    259      A         -0.300         -0.300         -0.300          0.000         -0.300
       260    260      A         -0.300         -0.300         -0.300          0.000         -0.300
       261    261      A         -0.300         -0.300         -0.300          0.000         -0.300
       262    262      A         -0.100         -0.100          0.000          0.000          0.000
       263    263      A         -0.100         -0.100          0.000          0.000          0.000
       264    264      A         -0.100         -0.100          0.000          0.000          0.000
       265    265      A         -0.100         -0.100         -0.900          0.000         -0.900
       266    266      A         -0.100         -0.100         -0.900          0.000         -0.900
       267    267      A         -0.100         -0.100         -0.900          0.000         -0.900
       268    268      A         -0.100         -0.100         -0.900            NaN         -0.900
       269    269      A         -0.100         -0.100         -0.700          0.000         -0.700
       270    270      A         -0.100         -0.100         -0.700            NaN         -0.700
       271    271      A         -0.100         -0.100         -0.600          0.000         -0.600
       272    272      A         -0.100         -0.100         -0.600          0.000         -0.600
       273    273      A         -0.100         -0.100         -0.600          0.000         -0.600
       274    274      A         -0.100         -0.100         -0.600          0.000         -0.600
       275    275      A         -0.100         -0.100         -0.600          0.000         -0.600
       276    276      A          0.000          0.000          0.000            NaN          0.000
       277    277      A          0.000          0.000          0.000          0.000          0.000
       278    278      A          0.000          0.000          0.000            NaN          0.000
       279    279      A          0.000          0.000          0.000          0.000          0.000
       280    280      A          0.000          0.000          0.000            NaN          0.000
       281    281      A         -0.300         -0.300         -0.300          0.000         -0.300
       282    282      A         -0.400         -0.400         -0.400         -0.400         -0.400
       283    283      A         -0.400         -0.400         -0.400          0.000         -0.400
       284    284      A         -0.200         -0.200         -0.200         -0.200         -0.200
       285    285      A         -0.100         -0.100          0.000          0.000          0.000
       286    286      A         -0.100         -0.100          0.000            NaN          0.000
       287    287      A         -0.100         -0.100          0.000          0.000          0.000
       288    288      A         -0.100         -0.100          0.000            NaN          0.000
       289    289      A         -0.100         -0.100          0.000          0.000          0.000
       290    290      A         -0.100         -0.100          0.000          0.000          0.000
       291    291      A         -0.400         -0.400         -0.400         -0.200         -0.400
       292    292      A         -0.400         -0.400         -0.400         -0.300         -0.400
       293    293      A         -0.400         -0.400         -0.400         -0.400         -0.400
       294    294      A         -0.400         -0.400         -0.400         -0.200         -0.400
       295    295      A         -0.200         -0.200         -0.200          0.000         -0.200
       296    296      A         -0.200         -0.200         -0.200         -0.200         -0.200
       297    297      A         -0.200         -0.200         -0.200            NaN         -0.200
       298    298      A         -0.200         -0.200         -0.200          0.000         -0.200
       299    299      A         -0.200         -0.200         -0.200          0.000         -0.200
       300    300      A         -0.200         -0.200         -0.500          0.000         -0.500
       301    301      A         -0.200         -0.200         -0.500          0.000         -0.500
       302    302      A         -0.200         -0.200         -0.500          0.000         -0.500
       303    303      A         -0.200         -0.200         -0.500          0.000         -0.500
       304    304      A         -0.200         -0.200         -0.500            NaN         -0.500
       305    305      A         -0.200         -0.200         -0.400         -0.500         -0.500
       306    306      A         -0.200         -0.200         -0.200            NaN         -0.200
       307    307      A         -0.200         -0.200         -0.200          0.000         -0.200
       308    308      A         -0.200         -0.200         -0.200          0.000         -0.200
       309    309      A         -0.200         -0.200         -0.200         -0.200         -0.200
       310    310      A         -0.200         -0.200         -0.200          0.000         -0.200
       311    311      A         -0.300         -1.800         -1.800            NaN         -1.800
       312    312      A         -0.300         -1.800         -1.800         -0.300         -1.800
       313    313      A         -0.300         -1.800         -1.800         -0.200         -1.800
       314    314      A         -0.300         -2.200         -2.200          0.000         -2.200
       315    315      A         -0.300         -2.200         -2.200         -1.800         -2.200
       316    316      A         -0.300         -2.200         -2.200          0.000         -2.200
       317    317      A         -0.300         -2.200         -2.200         -0.300         -2.200
       318    318      A         -0.300         -2.200         -2.200          0.000         -2.200
       319    319      A         -0.300         -2.200         -2.200          0.000         -2.200
       320    320      A         -0.300         -2.200         -2.200          0.000         -2.200
       321    321      A         -0.300         -2.200         -2.200          0.000         -2.200
       322    322      A         -0.300         -2.000         -2.000          0.000         -2.000
       323    323      A         -0.300         -2.000         -2.000          0.000         -2.000
       324    324      A         -0.300         -0.300         -0.600          0.000         -0.600
       325    325      A         -0.300         -0.300         -0.600          0.000         -0.600
       326    326      A         -0.300         -0.300         -0.600          0.000         -0.600
       327    327      A         -0.300         -0.300         -0.600          0.000         -0.600
       328    328      A          0.000          0.000          0.000          0.000          0.000
